# DO NOT EDIT. RUN THE PYTHON FILE INSTEAD TO GENERATE THIS .yaml FILE 
traj_x: 1.0*sin(0.333333333333333*t + 3.14159265358979) + 2.0*sin(0.666666666666667*t + 3.14159265358979)
traj_y: 1.0*cos(0.333333333333333*t + 3.14159265358979) - 2.0*cos(0.666666666666667*t + 3.14159265358979)
traj_z: 2.0 - 1.0*sin(1.0*t + 3.14159265358979)
bbox: [0.5, 0.5, 2.5]
