# DO NOT EDIT. RUN THE PYTHON FILE INSTEAD TO GENERATE THIS .yaml FILE 
traj_x: 1.0*sin(0.333333333333333*t + 4.71238898038469) + 2.0*sin(0.666666666666667*t + 4.71238898038469)
traj_y: 1.0*cos(0.333333333333333*t + 4.71238898038469) - 2.0*cos(0.666666666666667*t + 4.71238898038469)
traj_z: 2.0 - 1.0*sin(1.0*t + 4.71238898038469)
bbox: [1.5, 1.5, 1.5]
